3742728
13658027
658082
1079295
14077830
14643793
661091
1998432
1644050
2680814
645552
2203362
7362075
2554140
117985
2148788
5823932
1860795
2604760
690614
1758934
14114365
5414147
13553916
14040660
14724436
11410625
14082788
5414931
13780719
789138
7453195
14081941
681429
13246079
2677097
706605
15057744
1729142
14607521
5608868
13754293
5652926
3060294
1649024
1135952
15101586
2761685
37396
13794417
10187130
14052403
462092
4679738
2531625
5200169
250259
6014730
13714491
713167
5870790
11067885
66636
14195315
987071
10287213
1738774
14198019
7325190
14316714
358431
14246710
3754295
1645601
7296428
2140033
4837232
492677
965035
1220984
10405694
2109190
9758643
322634
156601
14060256
1853461
15091669
2431971
15118100
14406303
14449405
7327608
875394
3587715
9827683
817311
15141059
14143415
2316868
2945660
14743840
907147
14030435
5093890
14838217
14557898
14398523
14884581
9773245
1752495
14299637
1409581
2077741
14952122
5833840
1999798
1002956
13244109
5704694
5890249
138508
2529284
137313
2704153
13932948
2330245
4474035
2154508
3480186
3713736
834198
3053272
14070206
2634265
838098
2110220
7308889
7289956
2599636
10787470
14404160
3021858
345761
2108377
11416988
5930736
7218470
13478525
14254570
14369064
13583478
4149490
339934
3786417
3826331
31264
2427103
7325990
980527
14350837
7415730
7419792
5408388
947128
14288235
7496463
1900188
720565
88725
10398176
13447361
14103510
14071896
14211294
2727660
14070360
3247620
1158872
2514187
14848785
351638
14092577
14605132
1072949
14290212
1076359
2913004
6254669
2450269
1411451
14113228
5038593
14117805
13512506
14166118
1759326
956687
1588493
142665
652900
6646243
644583
14648100
820976
14173625
81591
3579137
3162171
3225238
14136187
13493213
648224
7319103
419908
14541852
14464005
10019072
14604959
7963711
2129289
169806
331950
2484322
2069355
14807558
2367363
9190918
8457976
3048412
2632940
429060
13275847
6548671
12487262
2495922
6290637
2754756
381013
14262336
126264
13539422
1077350
5733583
14355238
5199869
921300
14398067
2210119
15121406
1070892
15142836
13583611
7338552
258854
14235200
15272029
13777344
5267345
949134
2452885
1528821
2536557
15286249
14246359
5023741
226379
15388
13960974
3110741
1154229
1564315
14808273
39021
5480794
2874130
265992
4748836
14322699
229605
650353
1321230
15032829
10613996
14188702
352127
14336539
4341686
918872
2617933
15063493
1740
795720
5672391
7168623
14883766
13646031
15110307
3370927
3740161
14548343
5043973
13331198
5203397
1818680
3938838
14086143
15290337
2335828
8369406
14363027
3295357
7002599
1000214
5758059
3514974
14102075
29378
202284
2143283
13591761
182406
639975
7951464
3662016
14024581
13901490
4764242
2699497
13923219
680692
4535826
321731
10129825
14241968
2112029
8497294
7359599
13460299
14957893
5468849
3409070
7087641
1261974
5238282
7498210
14761122
14327707
10172793
13423922
972621
14714028
4381302
1826498
1024190
9178999
7493280
5832264
14640434
1061489
2341266
13815742
14359952
76400
14384227
14384351
14372513
3587874
14366759
8654360
199707
2748618
11486708
14817964
4522904
2522864
3886237
5114371
7427534
2057829
2441022
15009843
8049401
426958
2718811
14395403
14207561
14482620
14707903
13819207
2331046
14285662
7420770
2997292
3435382
5909585
14655371
205885
14739004
14545045
3611590
15133621
14807929
2133435
4377057
1514827
5407890
2560585
13975752
15169873
14359459
2765656
1022483
698855
760956
13533349
14173484
14753808
14751417
2830852
3761845
3208229
6738281
15037339
1817500
10332385
2630871
6888345
1349948
15142167
4517535
15022171
14123259
14526764
3756857
5410131
471711
5385534
14251174
6834138
14710325
717358
1557120
2991711
3771820
203866
941990
512186
13426376
3748886
407535
2450256
662340
14208438
14971519
5475878
1643657
3371532
14186541
7355887
13851067
3198637
15269513
747135
1018366
7355491
5870180
13457378
9889691
13783816
86320
6834245
14505821
14714817
4941453
136354
5313822
5036715
8458912
2363614
259096
7499113
5856388
14410605
1133281
14648754
14094350
5840188
14267841
14649197
2071420
13550504
14507951
817680
1996377
14303249
14118138
3060971
13743269
13744044
13744304
14884120
5737153
15155220
14777606
14462946
14014990
5133944
835032
14245405
2765429
14110966
5868954
383952
2629535
7137950
3880531
650016
14613130
7435533
14972807
2464583
5696425
14603497
14586258
958334
9632518
4928903
1197750
2448185
14921272
2677332
3480367
14904359
14728724
594621
14692202
14130354
6897797
5752544
5935060
7357388
1158690
5648146
597915
14041940
234892
13550940
810598
4527808
393369
2852523
8369615
4746430
644503
14239918
8127760
151689
3806381
7370671
8212347
7846
1599114
2526085
2036498
10522035
10195155
13513540
6665108
7966140
5090111
5039106
14265958
14267722
14982265
13357572
2658979
14442749
1239064
14085708
501990
1628449
3693089
14269319
668099
14825243
14927881
2611630
14209201
5407119
7327805
618878
14041256
2020590
5441686
7162545
2324478
15017604
5110772
3720163
3909835
14116078
15209413
884466
1013367
14449126
880046
874806
9428967
14362510
2653381
8600
8568256
2917893
3022634
2765247
15113229
14221311
14324572
921072
14350292
3755712
14242922
9917593
2681795
1638368
68333
14756369
15077338
14196543
4551205
14358622
7436475
665886
5740929
50681
14743046
7955057
2004874
6599788
15023959
2719399
5046009
5817396
4073208
2564841
13841651
14886579
60939
2304982
15234764
7290905
13327676
1153548
43902
1928608
15027189
13856857
15278281
5799212
5194151
791078
14242337
636888
2400471
896803
229801
14793812
4783567
1023820
14361415
13724582
13826959
1212469
14023491
14369408
5723811
2944826
151497
2716165
15295045
6259898
14001348
14530061
2632353
15268993
15297069
14174549
4087524
691050
3936764
1320872
2711890
14732946
14411981
2620587
14120310
9860248
2883805
3583109
7428450
14750316
14054465
6128024
14295248
14127782
14351490
4520618
158503
14463471
1128193
3230149
233335
875141
2631163
13515353
667822
5982152
208210
4094983
4448511
15091129
725772
5448400
2736778
14615724
13659760
14501726
7969695
213794
14922371
1977701
13901585
152727
5712076
7405893
2427334
5596651
2675354
5512139
5512835
2098
5916155
6797169
14207809
2684924
3563710
11495041
14357853
6868709
13772106
7260623
2697120
10472129
14360459
1039330
647542
14374432
6891493
787465
6791372
14646152
2251743
3214051
3998525
3754014
7369604
14509712
10173305
2516594
10207681
1868370
14801711
14104522
1478002
1599228
2958002
6749881
262881
632236
14987695
905336
281462
2552449
236592
366207
15073784
5408113
4412901
9285254
503164
14633957
14558226
15228787
491910
3107488
14735822
3568653
14269556
14116482
14110025
7343363
14507148
14282796
7138085
43195
14313440
4924103
1143040
14632648
48828
2647497
14540765
7302836
7309599
2238085
978549
13685809
3922863
2679415
64787
15082766
14981983
14307724
2163301
5710687
7206302
1199697
14627820
14866166
2660442
2210855
14255234
647094
9605289
935631
14742
7552729
14561618
623862
14752702
1545883
7324917
3287178
6511874
14263440
518395
4417467
514069
1315613
5660268
2103481
306314
917772
1489989
1323958
317888
1509527
14767796
3100490
13371760
3757925
14110674
1066542
5738625
5849789
14934864
15279957
13514880
14709265
14918784
14643467
15110796
7326557
3923004
1017987
369802
348571
765649
14533796
14534076
14227218
14271173
13464820
14552205
154388
3054216
5033410
726300
2136892
863513
5065717
438178
14108713
5411338
5682055
2792049
1103021
3189995
2535896
5560787
7884567
13945919
2989893
1156834
2716866
2213690
2064127
4774743
15264363
7525760
2376958
74834
15092409
15090535
5055974
1974740
31921
565302
2554922
15091846
14679780
2397637
13658828
14643118
5115040
3721797
3636062
3568430
993892
14353862
3298565
2327200
14483917
6715223
482673
6508112
14532816
14315192
8053576
71992
2644234
2147603
5168261
13933560
2664234
8651247
14292090
158185
7367385
4336380
2869823
516584
1275562
13953936
5411571
13779032
10025730
3910033
2996840
13296899
232956
13445972
14268871
14604184
2718259
2547586
3132438
3214670
2450364
878636
592883
14365741
3528901
2704928
1166093
14101935
5413465
13980288
3780896
1021128
1328702
7331013
976698
1644339
5548521
811375
7283608
3753657
10387936
4007510
838856
13920835
7955961
1211962
4765355
2444662
2064745
14650807
1712704
3023623
5846355
698586
5919263
248659
8238463
4423288
14269772
3552169
356199
13957601
14749794
7440240
5859071
14713487
1275057
4174853
14775729
64095
786195
4353803
5204637
140751
14147627
14211609
14746048
2009433
118733
13733066
5548032
4221994
5413647
11486983
14121276
636921
15064917
912960
5453657
577839
5403149
14781225
14981579
1629958
3912664
5474346
5289297
122626
2669477
8616311
14106025
14213512
3096593
1887819
14964367
34213
2751733
2214485
8462320
14237561
3946814
2926044
11426778
5570839
1221790
1108148
14644249
149583
14191442
121366
3824014
14651921
2471327
15153787
13723061
65294
14322248
5121418
3828465
14231794
2290461
5653575
162688
1199083
14748577
2533109
13790912
7484265
14506020
2127853
5410315
14075358
7085375
14808418
1002297
14107374
5949603
2161432
11486381
13941125
1034312
494269
14312172
190115
53609
11443532
290302
4053995
14113798
1735736
710015
1405044
2541302
13963192
5403427
540235
13517553
10373998
15226214
14507050
3433079
15092059
3285106
2467662
2657219
881735
14645346
5099796
2110927
986027
987180
7561112
5000342
1182021
1240210
272391
9375891
496599
13424865
13530408
2360944
13637376
14708042
5332802
635850
13541975
15015963
14209635
14209348
14538472
37457
2633881
2169702
14636523
14352334
13563647
5675130
439958
1858686
14341091
14365356
7014320
5038823
228019
4438742
890590
954086
689344
14045954
1090335
866079
2430580
348801
2982602
2702304
8398773
14712692
3328650
1807314
722232
5951180
2674482
14531983
14229912
5157143
2703894
2612653
2764044
1818234
4424936
606600
427802
663333
4451818
468583
10741590
14583066
402539
7346057
7933274
1151110
1963942
7433973
14035909
5577410
1792042
14810561
2342132
5265038
927978
4256152
15227846
14447019
5600637
14369744
14065903
324233
14319684
14329040
4349526
278899
3612134
3005862
14318714
2722663
1698271
5624700
7443761
1195536
2898584
2766328
5790944
2838374
7323231
6704366
3203441
1411919
6701596
4939046
15085472
2631856
2607432
1830599
2718015
5481095
266806
14391876
5820170
9140148
1067193
733743
13742573
1163779
5486510
3031553
6023821
13791389
1449974
230324
829107
2150510
14547976
7004057
5196375
14645092
11678635
3913129
6142118
4519019
2234087
3287459
2710766
3587623
14584016
8185758
939857
14637864
2754421
14845743
928476
10221040
172710
2627934
576680
13431992
6635944
6664051
174412
4480625
9181557
2378496
7528212
2391003
1212867
14340734
683280
14148231
14248899
8430568
5910940
14268623
3044740
261029
13723712
1513050
13241600
238022
5707269
4773761
4387095
15272382
3007530
2712443
615774
1238267
5064037
5454070
2530167
4778401
15072857
14599806
14914775
1098206
7436661
5680193
13827103
14040966
15113050
14971234
13530799
14004149
12870392
2698036
5692419
14655731
7510625
1337767
4522421
1395330
5445389
3180153
4673965
2303754
1975138
2067063
13623636
14402377
2632167
4718999
7205104
14310504
5436752
5434927
1197014
14536831
10624074
14250232
7215568
2445509
1887076
14193925
4425262
3023175
3830582
2702575
14771643
3867355
14110219
3048322
5024093
2839110
14180327
2449430
14372738
6050024
14145911
3556281
9416076
14188804
7307754
941140
5152364
4723816
5821775
13314936
14377617
14115648
5780885
9230768
5822239
2282376
513344
672433
1651293
4749709
5775081
7373602
14019600
14008342
6021761
15119185
1835496
1048697
948071
14322528
3756624
7478318
6683784
13645599
4756504
3516011
9769076
1747364
8179879
695761
14745891
14866889
1711071
2602261
4021798
2700104
10681194
2666239
14631295
696189
3441930
2603699
14061805
4353189
14493426
123170
740217
14110411
4078236
3094520
13894434
723542
14362179
4353410
14235793
14234436
15287830
14160365
14355060
14946251
5930136
2658188
9462773
1521017
969873
13496517
5125377
3406597
199659
1020005
3048094
13530237
14100769
945401
14045507
14210564
5983943
3756184
13986372
258857
5465567
33615
1525666
14658855
275572
14642417
3865171
792142
5827684
14495080
14538329
13444513
5302499
14562683
2618149
344500
14078871
5747582
14153285
14375576
15036321
5775293
1970826
3755991
1292884
14657047
15020628
10278128
8110373
14044174
13492453
6303888
614990
6724763
1270463
4314735
13496286
2672540
14649543
9315159
14654175
14661977
13473097
1202184
13496771
1973125
14085474
14554459
7191279
1972298
634472
14887305
5682950
2985662
14044454
13809207
6063588
2452562
2077469
1968569
10020890
15027618
14353995
14508368
4658268
4773596
2423183
234423
14573846
1292885
14533547
14257014
14126660
5768252
5723563
14120767
1492725
786291
6196584
8566028
14753414
1731351
14267205
14302460
10595647
2460502
2497400
5805475
4613158
10341660
2113827
89750
11515325
7324673
14707101
14873641
10759331
5736149
8558963
2697950
13497135
246217
2443849
14375241
14798450
7406474
1066787
14371161
13777509
14371913
2633356
674607
14864360
14354462
14224757
3845550
14222352
484166
14361664
5538625
5892651
1883325
13817526
2268485
3952696
5061345
5648459
14250514
4361529
6788565
5901508
13624026
14785941
454475
5729036
839619
14590293
197772
3743761
974762
370869
719734
9612848
637259
1253060
2662979
14606993
14785625
11422597
3839993
4419315
2905612
1555416
4689198
13658278
4416785
3818843
1972131
5898430
14339387
15265518
374835
15031231
2665282
120675
13529295
13768440
14558700
2740223
14017206
342028
4726724
118531
1911339
3982060
4566257
3676175
14750122
4034884
12626030
14986004
5155821
1284212
5670710
2595647
134701
135718
3687688
2084071
2023107
7997703
14602490
365709
408624
13653902
15068754
295697
914632
14731509
14850483
6333653
9624559
171590
2556126
13845239
9138935
4169152
901083
13855627
14320984
3757428
13792692
1610484
14363367
3124201
3570709
14715008
14606290
13454479
14647235
1972820
14550987
897564
5090441
5075602
2701984
14836127
14796969
343334
6481320
668736
6612649
4756025
14314320
834636
869126
127137
3033362
2301680
9988063
14434866
14969994
13290676
9576548
14323683
2296726
9905185
459776
316768
60969
14575531
241699
631391
5846054
3677308
10285313
4771738
14240262
3819595
5199286
1150559
349416
2451912
1994442
13714756
7226545
8641113
6501141
3690005
3190897
2818832
14577753
1082290
267522
270826
3553708
1048210
15015501
4524313
13531149
14851850
14847103
4063661
2247977
13974620
4372370
9803800
3807895
15010703
5944958
1513430
6703213
6507041
10752093
778275
14403107
14071419
7885223
14559208
14855724
1743531
14063633
14466122
2303575
2843717
1165943
7262108
7011209
5054130
2705651
14189837
1469263
6341340
9468959
844254
10317500
7308450
7444668
13286524
2679530
9147964
3404900
5521111
259177
15058544
13912992
10556704
633443
929839
4043268
888477
4007239
819024
2679899
5820620
4352070
14152617
3826443
5305806
5309725
3997980
5560244
13723189
4090064
13896217
15032376
191728
6634376
2144835
189565
11493452
1215902
466651
802318
74624
1531375
6399631
3948041
1459791
634276
7337390
13442312
5333777
15092227
13564910
13489037
2198631
939277
15004501
52374
3699396
6401526
2883459
6060845
3605722
8426461
9286200
14591804
2140834
14368483
14340822
636574
33206
15062778
8479407
756338
14606704
8327212
183053
3032576
10681383
15091473
4474317
3783017
5119714
1888946
13552528
2304987
2450175
3718056
201058
14237032
937023
877327
14239743
8341798
14252564
337605
13496972
13737190
14754192
2268351
3370821
7366289
2623037
2292125
5710356
6364641
14021266
208497
14828815
2523275
12387839
15084357
5048301
14339682
7292694
14210354
14368805
812298
14303009
852181
394485
1356750
52012
13565379
14038185
5850624
4035086
3203225
7369470
3550671
1057631
4518468
14188238
6032
7168131
7150644
192356
5493303
1150096
8677628
14059021
2493666
14568359
14835333
10401829
13624190
2375131
14314483
9627906
9663628
7217673
15084277
21065
3942244
2751782
2766925
5832745
2844273
5216365
3019219
5250659
5076472
2021905
13467916
2215977
1391351
14565196
13578140
14236872
1587984
14056280
2391803
7307477
872886
4756635
6421685
7959943
5546040
14802450
906037
1375174
14937658
5731779
14241825
23271
1580306
711550
727564
6547059
166025
8180639
14939230
14753188
13574452
3371258
6639674
2551144
9236957
5296968
8287844
1736822
742320
13850304
5091770
9393108
13659162
15078768
14376188
13903387
2402425
14248256
3608356
14641397
14381840
7280072
5905348
14634232
11473954
2554422
8342888
993885
14589223
14984378
13524399
6503724
14654954
286008
3679986
3913437
5767733
14549937
2679858
14250081
14797641
2727039
7301336
14082303
1821884
5239808
838367
2624263
1644225
5026843
14705718
2701628
12396924
14543931
806502
5702275
7485626
14592028
1476483
1647229
8242223
13903576
8552138
968211
14182453
5898568
795264
5247804
3513627
13658657
1168468
14997012
2436622
2033295
356926
11493266
4933852
6744396
693679
14737249
14180848
1528069
5011790
1745722
996969
5803379
6300193
5405324
369399
9614684
1014251
2360448
1383756
1394922
10235549
3630544
14238953
14962612
14738892
14724264
14970645
492095
1481154
14113021
5391000
14979730
14737639
15077571
15003645
14724645
299341
14238639
13973490
14053717
7247071
5129201
5060783
2718309
3010071
3946532
4443588
867357
14373246
1282921
10165109
14747587
2400037
2676054
15111609
13867641
5042012
610538
14397714
14222112
4683600
1208044
8566554
13974317
15060131
2890703
1287808
14113938
1456463
14076992
15213115
13826221
5164521
14062725
2329401
4425544
3743577
3553908
237078
13804375
8001083
935500
15052667
9526606
148242
13911045
3470629
1201856
14550614
5414724
1111816
14776804
14848479
7475364
1593649
14752511
2664575
4476633
3432972
6797947
15172664
6261464
5870365
1900630
14226303
296178
1640855
3629986
5696199
14591091
5315095
1912159
5954894
10432957
5553288
4734551
7120524
5644922
18526
15167027
14016361
14204763
2231661
3034405
6081602
14398390
13527965
9258715
2453889
816556
2695895
7248801
14723079
13438817
5098942
14998290
11499284
6208751
3913702
1097292
8054076
228283
7550666
14258609
14329262
14251435
1764351
13662703
310063
5896998
13969243
1215137
9183031
13535261
6064462
305109
5071027
4419073
14685296
7573696
2699343
8873622
13474858
14091254
841125
7445265
203342
1030132
714477
15183266
3320046
5287090
14832770
6113597
2074677
11496503
9582616
13443787
14196405
2324781
492706
14734487
6022076
5919034
2647123
4940496
13465530
6055529
1413871
6392001
2545578
678282
5705722
808855
577525
13341350
5858407
13936676
10102506
14922107
99341
1009240
2659222
9772029
9631
5981230
621734
11493083
3197804
5641720
14711008
8591399
705227
2257767
14147014
14321953
2682567
2287789
5653710
7374633
14003167
592880
4190464
8058098
